   0  45   15.203  10477  10527     50    36.992   120.019    37.147   121.013    40.302   120.126    40.139   119.088 
   0  46   25.541  10191  10242     51    36.937   119.963    37.146   121.124    40.352   120.169    40.134   118.957 
   0  47   34.195   9903   9955     52    36.789   119.878    37.075   121.299    40.333   120.277    40.033   118.794 
   0  48   41.624   9609   9661     52    36.700   119.707    37.094   121.495    40.345   120.419    39.930   118.553 
   0  49   47.676   9319   9372     53    36.545   119.465    37.089   121.749    40.397   120.600    39.823   118.214 
   0  50   52.093   9039   9092     53    36.357   119.137    37.093   122.038    40.394   120.844    39.615   117.816 
   0  51   55.255   8765   8820     55    36.083   118.731    37.061   122.373    40.474   121.094    39.436   117.293 
   0  52   57.374   8497   8552     55    35.810   118.218    37.081   122.713    40.475   121.399    39.126   116.717 
   0  53   58.961   8229   8282     53    35.488   117.572    37.124   123.073    40.374   121.774    38.637   116.059 
   0  54   60.442   7956   8007     51    35.009   116.665    37.150   123.494    40.260   122.208    37.985   115.126 
   0  55   61.913   7679   7726     47    34.252   115.113    37.205   123.967    40.060   122.750    36.922   113.589 
   0  80   62.049   2150   2196     46    39.709   126.816    41.386   118.006    38.569   116.771    37.052   125.249 
   0  81   60.208   1869   1920     51    40.374   125.253    41.554   118.524    38.423   117.190    37.365   123.634 
   0  82   57.745   1588   1643     55    40.855   124.211    41.708   118.984    38.326   117.591    37.565   122.581 
   0  83   54.912   1310   1365     55    40.986   123.386    41.612   119.266    38.221   117.926    37.659   121.862 
   0  84   51.765   1032   1086     54    41.004   122.748    41.469   119.479    38.123   118.213    37.706   121.336 
   0  85   47.891    753    807     54    41.048   122.269    41.394   119.679    38.034   118.460    37.721   120.932 
   0  86   43.050    475    528     53    41.023   121.873    41.282   119.826    37.969   118.674    37.734   120.627 
   0  87   36.729    197    249     52    40.991   121.559    41.188   119.941    37.927   118.858    37.747   120.402 
   0 110   62.355  10625  10670     45    37.003   151.249    38.722   141.966    35.958   140.847    34.399   149.819 
