   7   5   58.747   9702   9716     14 
   7   6   55.468   9416   9429     13 
   7   8   45.954   8836   8848     12 
   7   9   38.630   8546   8558     12 
   7  10   28.317   8266   8278     12 
   7  12    0.332   7721   7733     12 
   7  13   14.347   7450   7462     12 
   7  14   27.117   7174   7186     12 
   7  15   37.464   6897   6909     12 
   7  16   45.727   6613   6625     12 
   7  17   51.822   6329   6341     12 
   7  18   56.271   6042   6054     12 
   7  19   59.496   5755   5768     13 
   3  20   34.234   2498   2509     11 
   4  20   57.377   6074   6087     13 
   5  20    5.682    778    790     12 
   6  20   57.595    924    937     13 
   3  21   42.542   2220   2231     11 
   4  21   54.054   5796   5808     12 
   5  21    4.317    499    511     12 
   6  21   55.730    643    656     13 
   4  22   49.907   5522   5534     12 
   5  22   13.886    220    232     12 
   6  22   53.654    362    375     13 
   2  23   44.756  10577  10588     11 
   3  23   52.798   1662   1675     13 
   4  23   44.548   5250   5262     12 
   6  23   51.329     81     94     13 
   2  24   36.497  10304  10316     12 
   3  24   56.564   1381   1394     13 
   4  24   37.356   4974   4986     12 
   2  25   25.617  10030  10042     12 
   3  25   59.538   1100   1113     13 
   4  26   16.753   4415   4426     11 
   2  27    3.702   9454   9466     12 
   4  27    3.682   4129   4141     12 
   2  28   19.135   9162   9173     11 
   4  28    9.972   3843   3855     12 
   2  29   32.225   8873   8885     12 
   4  29   22.675   3560   3571     11 
   2  30   41.936   8592   8604     12 
   4  30   33.266   3281   3292     11 
   5  30   58.969   3576   3589     13 
   2  31   48.616   8317   8328     11 
   3  31   56.424   5007   5019     12 
   4  31   41.230   3004   3016     12 
   5  31   56.910   3298   3310     12 
   2  32   52.988   8047   8060     13 
   3  32   52.605   4735   4747     12 
   5  32   53.992   3021   3034     13 
   2  33   56.178   7778   7791     13 
   3  33   47.394   4464   4476     12 
   4  33   50.839   2453   2466     13 
   5  33   50.331   2744   2757     13 
   4  34   54.433   2174   2187     13 
   5  34   46.413   2463   2476     13 
   3  35   31.068   3911   3923     12 
   4  35   57.370   1894   1908     14 
   5  35   41.886   2181   2194     13 
   3  36   19.646   3628   3640     12 
   5  36   37.006   1899   1911     12 
   3  37    5.996   3343   3354     11 
   5  37   31.168   1617   1629     12 
   3  38    8.807   3058   3070     12 
   3  39   22.851   2777   2788     11 
   5  39   15.337   1057   1069     12 
   6  39   59.159   1204   1218     14 
   8  40   23.402   8746   8757     11 
   8  41   34.192   8472   8483     11 
   9  41   58.892   8609   8622     13 
   8  43   47.516   7932   7944     12 
   9  43   51.425   8068   8080     12 
   8  44   52.100   7658   7670     12 
   9  44   46.388   7793   7805     12 
   0  45   12.440  10510  10522     12 
   8  45   55.899   7380   7393     13 
   9  45   40.296   7514   7526     12 
   6  46   27.771  10549  10561     12 
   8  46   59.210   7096   7110     14 
   9  46   32.621   7229   7241     12 
   6  47   33.000  10263  10275     12 
   9  47   22.594   6944   6956     12 
   0  48   39.783   9643   9655     12 
   6  48   37.875   9968   9980     12 
   9  48   10.150   6657   6668     11 
   0  49   46.151   9353   9365     12 
   6  49   42.322   9678   9690     12 
   9  49    3.820   6372   6383     11 
   0  50   50.827   9073   9085     12 
   6  50   45.897   9398   9410     12 
   9  50   16.973   6091   6102     11 
   6  51   48.693   9125   9137     12 
   0  52   56.471   8532   8545     13 
   1  52   54.308  10707  10719     12 
   6  52   50.673   8858   8871     13 
   9  52   37.126   5541   5553     12 
   0  53   58.178   8264   8277     13 
   1  53   57.720  10441  10454     13 
   8  53   52.905  10730  10742     12 
   9  53   44.048   5270   5282     12 
   0  54   59.761   7991   8005     14 
   6  54   53.592   8319   8332     13 
   6  55   55.146   8043   8056     13 
   8  55   40.975  10186  10198     12 
   9  55   53.193   4720   4733     13 
   6  56   57.007   7759   7773     14 
   8  56   31.792   9899   9911     12 
   9  56   56.384   4438   4451     13 
   6  57   58.701   7476   7489     13 
   8  57   20.042   9611   9623     12 
   9  57   58.962   4155   4168     13 
   8  58    5.843   9316   9328     12 
   7  61   48.201   8300   8312     12 
   7  62   40.702   8031   8043     12 
   7  63   31.015   7761   7773     12 
   7  64   19.093   7485   7496     11 
   7  65    4.983   7207   7219     12 
   7  68   36.224   6353   6364     11 
   7  69   44.758   6067   6079     12 
   7  70   50.810   5786   5798     12 
   7  71   55.274   5509   5521     12 
   7  72   58.562   5237   5250     13 
   7  79   57.255   8856   8868     12 
   2  80   58.444   8287   8299     12 
   3  80   54.913    323    335     12 
   4  80   56.422   7940   7953     13 
   5  80   56.583   2034   2046     12 
   5  80   58.111   7610   7622     12 
   6  80   32.643   1869   1881     12 
   6  80   59.324   7431   7444     13 
   0  81   59.460   1870   1883     13 
   4  81   52.752   7666   7678     12 
   5  81   58.451   1754   1767     13 
   5  81   55.909   7335   7348     13 
   6  81   37.291   1590   1602     12 
   0  82   56.855   1593   1606     13 
   4  82   47.826   7395   7407     12 
   5  82   59.866   1473   1487     14 
   5  82   53.147   7065   7078     13 
   6  82   56.180   6887   6900     13 
   4  83   41.804   7125   7137     12 
   5  83   50.119   6795   6808     13 
   6  83   54.458   6617   6630     13 
   0  84   50.513   1037   1049     12 
   4  84   34.415   6849   6861     12 
   5  84   46.765   6520   6533     13 
   6  84   47.981    749    762     13 
   6  84   52.713   6343   6356     13 
   0  85   46.394    758    771     13 
   4  85   25.102   6573   6585     12 
   5  85   42.757   6245   6257     12 
   6  85   50.864    468    481     13 
   4  86   13.532   6291   6303     12 
   6  86   53.333    187    200     13 
   6  86   48.338   5789   5801     12 
   0  87   34.577    202    213     11 
   5  87   31.540   5681   5692     11 
   6  87   45.404   5506   5518     12 
   3  88   54.894   3674   3687     13 
   4  88   13.719   5721   5732     11 
   5  88   23.958   5395   5407     12 
   6  88   41.965   5221   5233     12 
   4  89   25.885   5435   5447     12 
   5  89   15.184   5111   5122     11 
   3  90   45.572   3111   3122     11 
   4  90   35.723   5154   5165     11 
   5  90    5.649   4830   4841     11 
   6  90   33.640   4657   4668     11 
   3  91   37.818   2834   2845     11 
   4  91   43.286   4876   4888     12 
   6  91   28.595   4380   4392     12 
   2  92   22.030  10535  10546     11 
   3  92   27.280   2558   2569     11 
   4  92   48.894   4603   4615     12 
   6  92   22.624   4108   4120     12 
   4  93   52.890   4330   4342     12 
   5  93   21.941   4007   4019     12 
   6  93   16.026   3836   3848     12 
   2  94    6.617   9999  10011     12 
   3  94    0.627   2000   2012     12 
   5  94   29.243   3729   3741     12 
   2  95   20.367   9725   9737     12 
   3  95   13.685   1720   1731     11 
   4  95   58.350   3772   3786     14 
   5  95   35.333   3450   3462     12 
   6  95    1.779   3279   3292     13 
   2  96   32.155   9439   9451     12 
   3  96   26.373   1439   1451     12 
   5  96   40.915   3165   3178     13 
   6  96    5.517   2996   3008     12 
   2  97   41.690   9148   9160     12 
   3  97   36.924   1159   1170     11 
   5  97   45.990   2880   2892     12 
   6  97   12.937   2712   2724     12 
   2  98   49.163   8856   8868     12 
   3  98   44.869    880    892     12 
   5  98   50.426   2596   2608     12 
   6  98   20.212   2429   2441     12 
   2  99   54.688   8568   8580     12 
   4  99   59.062   8220   8232     12 
   5  99   54.004   2314   2326     12 
   5  99   59.768   7888   7901     13 
   6  99   26.974   2148   2160     12 
   9 100   59.899  10744  10755     11 
   8 101   10.691  10648  10659     11 
   9 101   57.534  10471  10483     12 
   1 102   54.353  10705  10717     12 
   8 102    3.417  10381  10392     11 
   9 102   54.507  10205  10217     12 
   1 103   57.749  10440  10452     12 
   8 103   16.942  10115  10127     12 
   9 103   50.433   9940   9952     12 
   8 104   28.361   9845   9857     12 
   9 104   44.963   9671   9683     12 
   8 105   37.427   9569   9581     12 
   9 105   38.069   9395   9408     13 
   8 106   44.946   9281   9294     13 
   9 106   29.408   9109   9121     12 
   9 107   18.642   8822   8834     12 
   8 108   55.703   8699   8712     13 
   9 108    5.792   8530   8541     11 
   8 109   59.407   8410   8423     13 
   9 109    8.292   8242   8253     11 
   9 110   21.221   7962   7973     11 
   9 111   31.616   7686   7698     12 
   9 113   45.426   7141   7154     13 
   9 114   50.485   6866   6878     12 
   9 115   54.594   6587   6600     13 
