2019 8 1 0 0 0.0 20.00 20.00 1000.0
  6838.140     0.000     0.000     0.000    -0.938     7.577
2019 8 1 0 0 0.0 20.00 20.00 1000.0
  6503.458  -259.718  2097.080    -2.359    -0.892     7.206
2019 8 1 0 0 0.0 20.00 20.00 1000.0
  5532.171  -494.014  3988.883    -4.488    -0.759     6.130
2019 8 1 0 0 0.0 20.00 20.00 1000.0
  4019.358  -679.952  5490.226    -6.177    -0.552     4.454
2019 8 1 0 0 0.0 20.00 20.00 1000.0
  2113.101  -799.331  6454.148    -7.261    -0.290     2.341
2019 8 1 0 0 0.0 20.00 20.00 1000.0
     0.000  -840.467  6786.293    -7.635     0.000     0.000
2019 8 1 0 0 0.0 20.00 20.00 1000.0
 -2113.101  -799.331  6454.148    -7.261     0.290    -2.341
2019 8 1 0 0 0.0 20.00 20.00 1000.0
 -4019.358  -679.952  5490.226    -6.177     0.552    -4.454
2019 8 1 0 0 0.0 20.00 20.00 1000.0
 -5532.171  -494.014  3988.883    -4.488     0.759    -6.130
2019 8 1 0 0 0.0 20.00 20.00 1000.0
 -6503.458  -259.718  2097.080    -2.359     0.892    -7.206
2019 8 1 0 0 0.0 20.00 20.00 1000.0
 -6838.140     0.000     0.000     0.000     0.938    -7.577
2019 8 1 0 0 0.0 20.00 20.00 1000.0
 -6503.458   259.718 -2097.080     2.359     0.892    -7.206
2019 8 1 0 0 0.0 20.00 20.00 1000.0
 -5532.171   494.014 -3988.883     4.488     0.759    -6.130
2019 8 1 0 0 0.0 20.00 20.00 1000.0
 -4019.358   679.952 -5490.226     6.177     0.552    -4.454
2019 8 1 0 0 0.0 20.00 20.00 1000.0
 -2113.101   799.331 -6454.148     7.261     0.290    -2.341
2019 8 1 0 0 0.0 20.00 20.00 1000.0
     0.000   840.467 -6786.293     7.635     0.000     0.000
2019 8 1 0 0 0.0 20.00 20.00 1000.0
  2113.101   799.331 -6454.148     7.261    -0.290     2.341
2019 8 1 0 0 0.0 20.00 20.00 1000.0
  4019.358   679.952 -5490.226     6.177    -0.552     4.454
2019 8 1 0 0 0.0 20.00 20.00 1000.0
  5532.171   494.014 -3988.883     4.488    -0.759     6.130
2019 8 1 0 0 0.0 20.00 20.00 1000.0
  6503.458   259.718 -2097.080     2.359    -0.892     7.206
2019 8 1 0 0 0.0 20.00 20.00 1000.0
  3419.070  5922.003     0.000     0.813    -0.469     7.577
2019 8 1 0 0 0.0 20.00 20.00 1000.0
  3476.652  5502.300  2097.080    -0.407    -2.489     7.206
2019 8 1 0 0 0.0 20.00 20.00 1000.0
  3193.914  4543.994  3988.883    -1.586    -4.266     6.130
2019 8 1 0 0 0.0 20.00 20.00 1000.0
  2598.534  3140.890  5490.226    -2.611    -5.625     4.454
2019 8 1 0 0 0.0 20.00 20.00 1000.0
  1748.792  1430.334  6454.148    -3.379    -6.433     2.341
2019 8 1 0 0 0.0 20.00 20.00 1000.0
   727.865  -420.233  6786.293    -3.817    -6.612     0.000
2019 8 1 0 0 0.0 20.00 20.00 1000.0
  -364.310 -2229.665  6454.148    -3.882    -6.143    -2.341
2019 8 1 0 0 0.0 20.00 20.00 1000.0
 -1420.823 -3820.842  5490.226    -3.566    -5.073    -4.454
2019 8 1 0 0 0.0 20.00 20.00 1000.0
 -2338.257 -5038.008  3988.883    -2.901    -3.507    -6.130
2019 8 1 0 0 0.0 20.00 20.00 1000.0
 -3026.806 -5762.019  2097.080    -1.953    -1.597    -7.206
2019 8 1 0 0 0.0 20.00 20.00 1000.0
 -3419.070 -5922.003     0.000    -0.813     0.469    -7.577
2019 8 1 0 0 0.0 20.00 20.00 1000.0
 -3476.652 -5502.300 -2097.080     0.407     2.489    -7.206
2019 8 1 0 0 0.0 20.00 20.00 1000.0
 -3193.914 -4543.994 -3988.883     1.586     4.266    -6.130
2019 8 1 0 0 0.0 20.00 20.00 1000.0
 -2598.534 -3140.890 -5490.226     2.611     5.625    -4.454
2019 8 1 0 0 0.0 20.00 20.00 1000.0
 -1748.792 -1430.334 -6454.148     3.379     6.433    -2.341
2019 8 1 0 0 0.0 20.00 20.00 1000.0
  -727.865   420.233 -6786.293     3.817     6.612     0.000
2019 8 1 0 0 0.0 20.00 20.00 1000.0
   364.310  2229.665 -6454.148     3.882     6.143     2.341
2019 8 1 0 0 0.0 20.00 20.00 1000.0
  1420.823  3820.842 -5490.226     3.566     5.073     4.454
2019 8 1 0 0 0.0 20.00 20.00 1000.0
  2338.257  5038.008 -3988.883     2.901     3.507     6.130
2019 8 1 0 0 0.0 20.00 20.00 1000.0
  3026.806  5762.019 -2097.080     1.953     1.597     7.206
2019 8 1 0 0 0.0 20.00 20.00 1000.0
 -3419.070  5922.003     0.000     0.813     0.469     7.577
2019 8 1 0 0 0.0 20.00 20.00 1000.0
 -3026.806  5762.019  2097.080     1.953    -1.597     7.206
2019 8 1 0 0 0.0 20.00 20.00 1000.0
 -2338.257  5038.008  3988.883     2.901    -3.507     6.130
2019 8 1 0 0 0.0 20.00 20.00 1000.0
 -1420.823  3820.842  5490.226     3.566    -5.073     4.454
2019 8 1 0 0 0.0 20.00 20.00 1000.0
  -364.310  2229.665  6454.148     3.882    -6.143     2.341
2019 8 1 0 0 0.0 20.00 20.00 1000.0
   727.865   420.233  6786.293     3.817    -6.612     0.000
2019 8 1 0 0 0.0 20.00 20.00 1000.0
  1748.792 -1430.334  6454.148     3.379    -6.433    -2.341
2019 8 1 0 0 0.0 20.00 20.00 1000.0
  2598.534 -3140.890  5490.226     2.611    -5.625    -4.454
2019 8 1 0 0 0.0 20.00 20.00 1000.0
  3193.914 -4543.994  3988.883     1.586    -4.266    -6.130
2019 8 1 0 0 0.0 20.00 20.00 1000.0
  3476.652 -5502.300  2097.080     0.407    -2.489    -7.206
2019 8 1 0 0 0.0 20.00 20.00 1000.0
  3419.070 -5922.003     0.000    -0.813    -0.469    -7.577
2019 8 1 0 0 0.0 20.00 20.00 1000.0
  3026.806 -5762.019 -2097.080    -1.953     1.597    -7.206
2019 8 1 0 0 0.0 20.00 20.00 1000.0
  2338.257 -5038.008 -3988.883    -2.901     3.507    -6.130
2019 8 1 0 0 0.0 20.00 20.00 1000.0
  1420.823 -3820.842 -5490.226    -3.566     5.073    -4.454
2019 8 1 0 0 0.0 20.00 20.00 1000.0
   364.310 -2229.665 -6454.148    -3.882     6.143    -2.341
2019 8 1 0 0 0.0 20.00 20.00 1000.0
  -727.865  -420.233 -6786.293    -3.817     6.612     0.000
2019 8 1 0 0 0.0 20.00 20.00 1000.0
 -1748.792  1430.334 -6454.148    -3.379     6.433     2.341
2019 8 1 0 0 0.0 20.00 20.00 1000.0
 -2598.534  3140.890 -5490.226    -2.611     5.625     4.454
2019 8 1 0 0 0.0 20.00 20.00 1000.0
 -3193.914  4543.994 -3988.883    -1.586     4.266     6.130
2019 8 1 0 0 0.0 20.00 20.00 1000.0
 -3476.652  5502.300 -2097.080    -0.407     2.489     7.206
2019 8 1 0 0 0.0 20.00 20.00 1000.0
 -6838.140     0.000     0.000     0.000     0.938     7.577
2019 8 1 0 0 0.0 20.00 20.00 1000.0
 -6503.458   259.718  2097.080     2.359     0.892     7.206
2019 8 1 0 0 0.0 20.00 20.00 1000.0
 -5532.171   494.014  3988.883     4.488     0.759     6.130
2019 8 1 0 0 0.0 20.00 20.00 1000.0
 -4019.358   679.952  5490.226     6.177     0.552     4.454
2019 8 1 0 0 0.0 20.00 20.00 1000.0
 -2113.101   799.331  6454.148     7.261     0.290     2.341
2019 8 1 0 0 0.0 20.00 20.00 1000.0
     0.000   840.467  6786.293     7.635     0.000     0.000
2019 8 1 0 0 0.0 20.00 20.00 1000.0
  2113.101   799.331  6454.148     7.261    -0.290    -2.341
2019 8 1 0 0 0.0 20.00 20.00 1000.0
  4019.358   679.952  5490.226     6.177    -0.552    -4.454
2019 8 1 0 0 0.0 20.00 20.00 1000.0
  5532.171   494.014  3988.883     4.488    -0.759    -6.130
2019 8 1 0 0 0.0 20.00 20.00 1000.0
  6503.458   259.718  2097.080     2.359    -0.892    -7.206
2019 8 1 0 0 0.0 20.00 20.00 1000.0
  6838.140     0.000     0.000     0.000    -0.938    -7.577
2019 8 1 0 0 0.0 20.00 20.00 1000.0
  6503.458  -259.718 -2097.080    -2.359    -0.892    -7.206
2019 8 1 0 0 0.0 20.00 20.00 1000.0
  5532.171  -494.014 -3988.883    -4.488    -0.759    -6.130
2019 8 1 0 0 0.0 20.00 20.00 1000.0
  4019.358  -679.952 -5490.226    -6.177    -0.552    -4.454
2019 8 1 0 0 0.0 20.00 20.00 1000.0
  2113.101  -799.331 -6454.148    -7.261    -0.290    -2.341
2019 8 1 0 0 0.0 20.00 20.00 1000.0
     0.000  -840.467 -6786.293    -7.635     0.000     0.000
2019 8 1 0 0 0.0 20.00 20.00 1000.0
 -2113.101  -799.331 -6454.148    -7.261     0.290     2.341
2019 8 1 0 0 0.0 20.00 20.00 1000.0
 -4019.358  -679.952 -5490.226    -6.177     0.552     4.454
2019 8 1 0 0 0.0 20.00 20.00 1000.0
 -5532.171  -494.014 -3988.883    -4.488     0.759     6.130
2019 8 1 0 0 0.0 20.00 20.00 1000.0
 -6503.458  -259.718 -2097.080    -2.359     0.892     7.206
2019 8 1 0 0 0.0 20.00 20.00 1000.0
 -3419.070 -5922.003     0.000    -0.813     0.469     7.577
2019 8 1 0 0 0.0 20.00 20.00 1000.0
 -3476.652 -5502.300  2097.080     0.407     2.489     7.206
2019 8 1 0 0 0.0 20.00 20.00 1000.0
 -3193.914 -4543.994  3988.883     1.586     4.266     6.130
2019 8 1 0 0 0.0 20.00 20.00 1000.0
 -2598.534 -3140.890  5490.226     2.611     5.625     4.454
2019 8 1 0 0 0.0 20.00 20.00 1000.0
 -1748.792 -1430.334  6454.148     3.379     6.433     2.341
2019 8 1 0 0 0.0 20.00 20.00 1000.0
  -727.865   420.233  6786.293     3.817     6.612     0.000
2019 8 1 0 0 0.0 20.00 20.00 1000.0
   364.310  2229.665  6454.148     3.882     6.143    -2.341
2019 8 1 0 0 0.0 20.00 20.00 1000.0
  1420.823  3820.842  5490.226     3.566     5.073    -4.454
2019 8 1 0 0 0.0 20.00 20.00 1000.0
  2338.257  5038.008  3988.883     2.901     3.507    -6.130
2019 8 1 0 0 0.0 20.00 20.00 1000.0
  3026.806  5762.019  2097.080     1.953     1.597    -7.206
2019 8 1 0 0 0.0 20.00 20.00 1000.0
  3419.070  5922.003     0.000     0.813    -0.469    -7.577
2019 8 1 0 0 0.0 20.00 20.00 1000.0
  3476.652  5502.300 -2097.080    -0.407    -2.489    -7.206
2019 8 1 0 0 0.0 20.00 20.00 1000.0
  3193.914  4543.994 -3988.883    -1.586    -4.266    -6.130
2019 8 1 0 0 0.0 20.00 20.00 1000.0
  2598.534  3140.890 -5490.226    -2.611    -5.625    -4.454
2019 8 1 0 0 0.0 20.00 20.00 1000.0
  1748.792  1430.334 -6454.148    -3.379    -6.433    -2.341
2019 8 1 0 0 0.0 20.00 20.00 1000.0
   727.865  -420.233 -6786.293    -3.817    -6.612     0.000
2019 8 1 0 0 0.0 20.00 20.00 1000.0
  -364.310 -2229.665 -6454.148    -3.882    -6.143     2.341
2019 8 1 0 0 0.0 20.00 20.00 1000.0
 -1420.823 -3820.842 -5490.226    -3.566    -5.073     4.454
2019 8 1 0 0 0.0 20.00 20.00 1000.0
 -2338.257 -5038.008 -3988.883    -2.901    -3.507     6.130
2019 8 1 0 0 0.0 20.00 20.00 1000.0
 -3026.806 -5762.019 -2097.080    -1.953    -1.597     7.206
2019 8 1 0 0 0.0 20.00 20.00 1000.0
  3419.070 -5922.003     0.000    -0.813    -0.469     7.577
2019 8 1 0 0 0.0 20.00 20.00 1000.0
  3026.806 -5762.019  2097.080    -1.953     1.597     7.206
2019 8 1 0 0 0.0 20.00 20.00 1000.0
  2338.257 -5038.008  3988.883    -2.901     3.507     6.130
2019 8 1 0 0 0.0 20.00 20.00 1000.0
  1420.823 -3820.842  5490.226    -3.566     5.073     4.454
2019 8 1 0 0 0.0 20.00 20.00 1000.0
   364.310 -2229.665  6454.148    -3.882     6.143     2.341
2019 8 1 0 0 0.0 20.00 20.00 1000.0
  -727.865  -420.233  6786.293    -3.817     6.612     0.000
2019 8 1 0 0 0.0 20.00 20.00 1000.0
 -1748.792  1430.334  6454.148    -3.379     6.433    -2.341
2019 8 1 0 0 0.0 20.00 20.00 1000.0
 -2598.534  3140.890  5490.226    -2.611     5.625    -4.454
2019 8 1 0 0 0.0 20.00 20.00 1000.0
 -3193.914  4543.994  3988.883    -1.586     4.266    -6.130
2019 8 1 0 0 0.0 20.00 20.00 1000.0
 -3476.652  5502.300  2097.080    -0.407     2.489    -7.206
2019 8 1 0 0 0.0 20.00 20.00 1000.0
 -3419.070  5922.003     0.000     0.813     0.469    -7.577
2019 8 1 0 0 0.0 20.00 20.00 1000.0
 -3026.806  5762.019 -2097.080     1.953    -1.597    -7.206
2019 8 1 0 0 0.0 20.00 20.00 1000.0
 -2338.257  5038.008 -3988.883     2.901    -3.507    -6.130
2019 8 1 0 0 0.0 20.00 20.00 1000.0
 -1420.823  3820.842 -5490.226     3.566    -5.073    -4.454
2019 8 1 0 0 0.0 20.00 20.00 1000.0
  -364.310  2229.665 -6454.148     3.882    -6.143    -2.341
2019 8 1 0 0 0.0 20.00 20.00 1000.0
   727.865   420.233 -6786.293     3.817    -6.612     0.000
2019 8 1 0 0 0.0 20.00 20.00 1000.0
  1748.792 -1430.334 -6454.148     3.379    -6.433     2.341
2019 8 1 0 0 0.0 20.00 20.00 1000.0
  2598.534 -3140.890 -5490.226     2.611    -5.625     4.454
2019 8 1 0 0 0.0 20.00 20.00 1000.0
  3193.914 -4543.994 -3988.883     1.586    -4.266     6.130
2019 8 1 0 0 0.0 20.00 20.00 1000.0
  3476.652 -5502.300 -2097.080     0.407    -2.489     7.206
